n_coordinates <- 2
n_obs <- 100
alpha_location_prior <- 10
alpha_scale_prior <- 10
rho_location_prior <- 2.42393
rho_scale_prior <- 14.8171
x <- 
structure(c(10, 21, 11, 26, 28, 18, 30, 29, 10, 31, 25, 9,
19, 11, 15, 8, 19, 31, 19, 28, 15, 30, 7, 22, 17, 7, 28, 10,
21, 23, 22, 30, 15, 30, 21, 15, 18, 17, 20, 20, 26, 17, 6,
12, 25, 17, 23, 26, 17, 26, 28, 23, 20, 20, 9, 25, 24, 15,
10, 18, 22, 27, 20, 9, 14, 13, 28, 20, 23, 19, 1, 21, 10,
16, 16, 20, 24, 9, 19, 18, 22, 14, 13, 12, 12, 11, 24, 12,
15, 8, 20, 9, 22, 20, 28, 23, 19, 14, 5, 33, 13, 38, 3, 16,
19, 8, 18, 34, 16, 21, 8, 10, 23, 8, 47, 11, 8, 18, 45, 14,
50, 16, 19, 45, 46, 12, 31, 7, 35, 16, 43, 24, 18, 17, 8,
48, 30, 34, 13, 37, 13, 45, 6, 12, 22, 27, 5, 22, 36, 54,
21, 11, 52, 5, 2, 10, 24, 36, 8, 36, 54, 42, 28, 17, 13, 23,
13, 17, 31, 31, 5, 12, 18, 39, 45, 43, 43, 12, 16, 34, 27,
26, 19, 3, 8, 7, 29, 19, 3, 2, 22, 15, 4, 33, 25, 18, 52, 9,
5, 19),
.Dim = c(100, 2))
y <- 
c(143, 17, 26, 80, 18, 1180, 86, 0, 97, 7, 644, 251,
74, 96, 25, 953, 157, 11, 1, 19, 5, 66, 18, 2, 5, 34, 3, 94,
28, 9, 3, 0, 36, 24, 51, 0, 767, 119, 23, 11, 29, 2, 7, 157,
42, 37, 168, 3, 35, 0, 9, 105, 0, 162, 9, 8, 2, 24, 83, 6,
0, 0, 8, 29, 50, 42, 87, 72, 4, 62, 3, 16, 28, 7, 4, 18, 0,
48, 133, 27, 10, 7, 44, 73, 79, 205, 50, 168, 223, 0, 21,
29, 0, 11, 125, 20, 0, 307, 6, 3)
ye <- 
c(141.22714, 11.884295, 37.982352, 58.961962,
13.404621, 1161.4218, 58.002137, 0.069865516, 123.58541,
5.5249527, 619.22109, 244.29468, 67.195246, 79.091398,
18.805409, 1025.0153, 184.107, 14.523847, 2.1390241,
23.247488, 2.5544882, 49.314788, 22.515207, 1.7400984,
5.5257424, 32.635018, 7.3253572, 87.4316, 25.727677,
16.991068, 1.6712497, 0.053246837, 39.344009, 19.906749,
53.218416, 0.28000834, 737.71698, 104.95783, 25.374879,
7.6661352, 24.500563, 0.39171756, 7.7440359, 190.74998,
27.118575, 44.131476, 142.74963, 5.8747409, 38.29627,
0.037911704, 9.1633943, 92.549959, 0.2057354, 143.48816,
7.7934308, 6.3773366, 1.7897547, 21.375488, 80.619066,
3.0043434, 0.2756354, 1.3362144, 5.2937605, 57.198501,
68.529954, 56.439326, 73.13714, 49.554048, 2.5573847,
57.967788, 7.0898599, 17.426813, 57.650262, 4.0464199,
2.162349, 8.2614538, 2.7627489, 52.176951, 113.5866,
23.898271, 5.7561348, 8.5315266, 39.67347, 78.163638,
74.322633, 223.84957, 31.360225, 169.90848, 258.62518,
0.0135727, 14.474697, 29.218903, 0.053243063, 8.3542272,
92.574856, 27.919869, 0.5386798, 311.59822, 5.7880622,
3.1878836)
